-26.752487 -5.950480 44.516754
-26.773060 -6.911208 44.410706
-26.912718 -7.533516 44.004951
-26.839645 -8.247847 43.944218
-26.881987 -8.836864 44.073914
-26.854259 -9.612326 44.031475
-26.983278 -10.232696 43.990398
-26.873693 -10.594420 44.003883
-26.786026 -10.883801 43.886303
-26.676691 -11.103601 44.013317
-26.421223 -11.507629 43.879589
-26.345650 -11.906913 44.164837
-26.369190 -12.325806 44.207615
-26.231222 -13.521004 43.774734
-26.098448 -14.681945 43.196651
-25.818630 -16.067070 41.279369
-25.426773 -17.379950 40.530003
-25.152489 -18.869072 39.666649
-24.496262 -21.476294 37.325024
-23.820080 -24.065248 34.813461
-23.172735 -26.756611 32.062542
-22.346859 -29.055975 29.305546
-20.986156 -31.673634 25.826982
-19.432796 -33.978397 22.619814
-18.212507 -36.091351 19.009315
-17.286676 -37.752457 16.028210
-16.523611 -39.239319 12.980099
-15.442760 -40.539974 9.789237
-14.432478 -41.720921 6.740912
-13.405853 -42.624718 3.824447
-12.584553 -43.324356 1.548323
-12.325113 -43.854809 -0.679068
-12.117561 -44.337681 -2.460982
-12.416319 -44.331970 -4.285874
-12.800926 -44.315697 -5.984691
-12.823011 -44.273426 -7.953487
-12.941479 -44.151844 -9.817348
-13.198654 -43.943413 -11.886086
-13.387594 -43.817623 -13.633786
-13.314745 -43.676033 -14.714595
-12.926067 -43.586166 -15.597071
-12.469524 -43.654694 -16.292355
-12.300289 -43.674412 -16.916328
-12.176102 -43.660931 -17.451166
-11.964752 -43.761314 -17.590214
-11.874073 -43.783112 -18.132904
-11.678329 -43.788845 -18.574188
-11.549734 -43.670567 -18.987833
-11.463657 -43.687111 -19.646797
-11.467596 -43.694496 -19.749643
-11.397947 -43.723804 -20.124313
-11.241428 -43.829166 -20.473969
-11.213160 -43.916527 -20.336353
-11.323198 -43.842918 -20.269197
-11.448053 -43.841076 -20.288025
-11.611914 -43.887878 -20.487267
-11.748602 -44.059891 -20.446980
-11.835552 -43.957611 -20.436146
-11.865911 -43.928448 -20.869629
-11.795000 -43.928520 -21.241377
-11.553471 -44.004639 -21.563734
-11.281847 -43.907562 -22.156799
-11.170948 -43.859154 -22.702566
-11.054230 -43.937443 -23.139179
-10.731255 -43.836250 -23.431417
-10.332874 -43.737747 -23.775747
-9.963770 -43.594585 -23.979895
-9.808487 -43.649727 -24.214527
-9.689859 -43.840118 -24.234648
-9.538958 -43.793499 -24.293530
-9.395836 -43.691841 -25.449577
-9.382139 -43.663174 -25.782503
-9.214382 -43.558327 -25.670879
-9.164177 -43.339878 -26.027294
-9.157612 -43.457664 -25.863146
-9.880360 -43.417324 -25.995691
-9.808958 -43.338245 -25.891350
-9.595037 -43.380299 -26.089569
-9.474030 -43.504044 -26.163200
-9.332695 -43.489532 -25.968304
-9.359627 -43.349201 -26.079817
-9.560371 -43.248638 -25.980042
-9.681767 -43.226700 -26.103472
-9.750883 -43.179893 -26.615837
-9.878977 -43.119045 -26.908064
-10.440653 -42.795372 -27.042004
-11.197992 -42.343353 -27.277521
-11.742264 -42.104607 -27.251993
-12.104881 -41.866802 -27.260094
-12.411776 -41.881340 -26.885042
-12.696491 -41.822762 -27.020021
-12.890663 -41.705688 -27.106609
-13.230801 -41.740749 -26.762255
-13.474911 -41.839005 -26.625835
-13.274271 -41.878696 -26.921459
-13.089687 -42.686581 -27.156126
-12.998020 -42.554714 -27.279678
-12.930286 -42.443375 -27.221626
-12.842499 -42.360149 -27.424784
-12.734007 -42.274246 -27.466305
-12.925531 -42.150227 -27.546366
-12.961866 -41.819260 -27.867886
-13.007763 -41.673630 -28.312630
-12.870880 -41.568829 -28.397429
-12.986250 -41.541954 -28.277069
-12.971270 -41.486893 -28.490215
-12.787300 -41.452068 -28.656658
-12.734520 -41.229679 -28.863731
-12.674686 -41.365791 -28.838310
-12.694019 -41.305008 -29.042616
-12.563887 -41.297337 -29.049164
-12.588579 -41.244392 -28.822634
-12.954536 -41.156448 -28.695395
-12.828300 -41.166786 -28.753563
-12.671310 -41.063889 -29.024738
-12.747318 -40.987423 -28.842314
-12.934050 -40.869118 -29.183661
-13.024710 -40.802349 -29.329592
-13.214838 -40.754787 -29.271616
-13.333342 -40.623119 -29.193142
-13.590544 -40.529491 -29.305086
-13.661905 -40.302460 -29.298365
-13.489395 -40.302219 -29.189585
-13.476278 -40.199135 -29.148510
-13.385693 -40.336575 -29.083961
-13.313225 -40.446526 -29.053719
-13.464231 -40.348587 -28.715637
-13.639256 -40.251354 -28.687744
-13.762474 -40.249630 -28.661860
-13.796551 -40.410969 -28.753674
-13.899511 -40.301262 -28.846539
-13.925880 -40.154987 -29.049198
-14.020971 -40.027431 -29.135639
-13.903749 -40.069832 -28.901424
-13.531670 -40.104412 -28.836372
-13.105206 -40.225689 -28.905567
-13.116835 -40.170589 -29.014408
-13.249338 -40.038746 -28.702118
-13.304941 -39.921566 -28.873045
-13.254223 -40.026756 -29.070402
-13.168848 -40.140163 -29.139141
-13.218149 -40.148975 -29.347464
-13.058128 -40.276875 -29.187012
-12.940329 -40.162777 -29.382872
-13.046534 -40.202171 -29.528185
-12.974697 -40.339001 -29.444754
-12.788427 -40.401661 -29.192589
-12.561012 -40.451786 -29.268988
-12.526976 -40.426846 -29.540882
-12.630632 -40.353542 -29.380430
-12.535576 -40.179253 -29.611809
-12.640108 -40.220295 -29.449581
-12.660757 -40.294994 -29.667128
-12.660477 -40.436665 -29.805510
-12.592873 -40.172600 -29.987661
-12.667768 -40.215878 -30.108292
-12.366819 -40.260651 -30.001017
-12.201326 -40.368237 -30.069056
-12.232935 -40.481030 -29.996588
-12.049417 -40.585491 -30.036983
-11.953005 -40.610554 -29.755518
-11.875874 -40.741772 -29.929707
-11.679770 -40.718025 -30.126110
-11.616899 -40.752872 -30.793318
-11.640591 -40.738609 -30.581659
-11.536343 -40.814960 -30.551397
-11.262545 -40.881893 -30.619896
-11.082706 -41.058311 -30.578423
-11.175419 -41.122776 -30.418856
-11.220205 -41.274418 -30.250000
-11.144035 -41.395733 -30.104218
-10.959898 -41.346512 -29.862789
-11.073301 -41.423073 -29.833199
-11.189560 -41.316441 -29.929789
-11.041119 -41.487858 -30.044165
-10.972765 -41.379253 -30.199846
-11.186882 -41.274818 -30.409971
-11.358175 -41.337543 -30.578070
-10.901611 -41.259003 -31.147570
-10.228359 -41.213722 -32.073845
-9.734558 -40.767933 -32.843395
-9.373117 -40.452263 -33.633751
-9.246365 -40.293339 -34.365879
-9.234562 -40.166199 -34.402458
-9.639521 -40.041080 -34.278393
-10.361088 -39.765465 -33.740555
-10.624741 -39.773151 -33.927162
-10.566862 -39.908024 -33.794750
-10.565361 -39.963264 -33.485573
-10.620159 -40.077667 -33.199013
-10.395197 -40.175041 -32.905579
-10.013628 -40.463573 -32.260769
-9.814774 -40.764610 -32.062275
-9.818089 -41.099052 -31.493420
-9.994341 -41.167675 -31.173834
-10.034542 -41.298634 -30.868246
-10.329905 -41.233730 -30.673693
-10.560595 -41.134995 -30.653549
-11.176346 -40.898033 -30.726580
-11.831347 -40.345707 -30.891973
-12.764147 -39.833633 -31.074209
-13.644789 -39.254299 -31.220001
-14.052502 -39.188698 -30.951532
-14.361872 -39.054302 -30.857992
-14.760569 -38.186165 -31.007801
-14.945126 -38.421951 -30.799603
-14.991970 -38.692490 -30.633041
-14.301447 -38.949883 -30.414217
-13.592228 -39.401531 -30.470928
-12.733652 -39.792107 -30.758770
-12.119593 -40.192329 -30.931990
-11.264345 -40.424744 -30.614151
-10.580147 -40.733547 -30.359880
-10.105587 -40.927929 -30.202820
-9.703539 -41.060032 -30.394520
-9.135502 -41.124760 -30.661985
-8.569073 -41.311111 -30.868826
-8.199928 -41.202751 -31.002205
-7.988613 -41.157017 -31.251539
-8.054762 -41.056076 -31.451006
-8.309280 -41.051380 -31.557093
-8.624895 -40.959862 -31.681187
-8.894186 -40.874943 -31.844643
-9.165619 -40.766052 -31.804255
-9.375042 -40.801163 -31.761784
-9.225504 -40.730434 -32.026791
-9.391474 -40.691402 -31.967800
-9.989050 -40.671883 -32.280750
-10.002310 -40.603603 -32.573895
-10.018045 -40.504112 -32.700783
-10.059107 -40.282162 -32.902790
-10.192757 -40.145557 -32.878979
-10.355677 -40.053822 -32.827839
-10.508411 -40.027241 -32.633598
-10.826599 -40.041084 -32.478210
-11.909950 -39.496323 -32.546444
-13.471031 -38.820625 -32.422745
-16.461494 -37.671570 -32.109844
-19.845066 -35.172581 -31.552872
-23.515125 -31.968103 -30.757849
-27.296770 -26.666288 -29.665419
-30.529287 -21.213697 -28.884180
-33.109699 -15.277731 -27.874094
-35.123631 -9.990673 -26.541861
-36.863575 -5.790280 -24.869898
-38.406731 -2.418264 -23.236372
-39.557255 0.571895 -22.229074
-40.561676 3.531560 -21.173634
-41.174812 6.033864 -20.190218
-41.502922 8.509630 -19.849203
-41.619808 10.759386 -19.915134
-41.573318 12.857587 -19.846645
-41.368126 14.664868 -19.766893
-41.058369 16.151649 -19.995483
-40.894566 17.235758 -20.053553
-40.920326 17.909966 -20.303257
-40.834530 18.659964 -20.741924
-40.564293 19.406235 -21.203396
-40.202507 20.178780 -21.825739
-40.002674 20.849474 -22.676622
-39.809212 21.415281 -23.186172
-39.772041 22.014204 -23.547459
-39.451103 22.475788 -24.064695
-39.054352 22.862608 -24.385775
-38.843353 23.084301 -24.924332
-38.495354 23.214846 -25.918566
-37.841751 23.500662 -27.241676
-37.470074 23.600594 -28.043436
-36.993530 23.826813 -28.948706
-36.522694 24.048744 -29.498201
-36.190826 24.442774 -29.684631
-35.942131 24.652679 -29.666185
-35.883175 24.785498 -29.430353
-35.791210 24.833246 -29.184637
-35.840839 24.941654 -28.991627
-36.054142 24.975721 -28.765907
-36.342384 24.780642 -28.931206
-36.500179 24.694790 -29.163286
-36.607937 24.709051 -28.545300
-36.886219 24.391777 -28.141417
-36.963245 24.559225 -27.704203
-37.433666 23.996923 -26.673378
-37.849205 23.816223 -25.663300
-38.260033 23.525393 -25.001432
-38.090298 23.836863 -25.017494
-37.769711 24.349331 -25.108791
-37.698036 24.490162 -25.156868
-38.326191 24.219034 -25.166908
-38.524025 23.859344 -24.771910
-38.984688 23.554037 -24.085072
-39.246822 23.204475 -23.482115
-39.540527 23.117907 -22.871387
-39.635494 23.089607 -22.340012
-39.705864 23.207390 -21.622526
-39.851761 23.395231 -21.287437
-39.834080 23.633268 -20.923094
-39.612736 23.964117 -20.606657
-39.474857 24.293159 -20.075380
-39.437355 24.468630 -19.864305
-39.463356 24.339863 -20.183950
-39.564636 24.545279 -20.047335
-39.509178 24.652771 -20.137823
-39.285614 24.890890 -20.213779
-39.263561 24.993620 -20.178270
-39.234718 25.157715 -19.992971
-39.200447 25.084213 -20.301146
-39.173027 25.171680 -20.569078
-39.386292 25.060280 -20.480339
-39.377705 24.380215 -20.509186
-39.410034 24.520720 -20.425295
-39.497498 24.539511 -20.269037
-39.717525 24.470613 -20.004801
-39.855492 24.569635 -20.203638
-39.909866 24.455772 -20.148762
-39.888481 24.324575 -20.056906
-39.963276 24.171570 -19.680767
-39.895290 24.160725 -19.869530
-39.742203 24.298931 -19.722532
-39.785629 24.455694 -19.738918
-39.648518 24.602612 -20.217402
-39.548286 24.569918 -19.735451
-39.697701 24.520359 -19.546007
-39.775883 24.273369 -19.608948
-39.672577 24.078339 -19.508987
-39.580936 24.245672 -19.673836
-39.449421 24.366280 -19.931734
-39.348156 24.536875 -20.195391
-39.240795 24.675304 -20.338280
-39.138107 24.745089 -20.363449
-39.089554 24.713156 -20.126850
-39.017117 24.798775 -20.233528
-39.031963 24.925777 -20.318871
-38.963745 24.955372 -20.170053
-38.866753 25.118397 -21.134533
-38.838875 25.169777 -21.317802
-38.872570 25.228432 -21.196985
-38.781925 25.222696 -20.925611
-37.978279 25.347841 -20.978413
-38.055294 25.376734 -21.203602
-37.899887 25.470518 -21.356487
-38.042980 25.586042 -21.459707
-38.210953 25.678677 -21.454306
-38.191032 25.547789 -21.395332
-38.326298 25.478184 -21.351721
-38.412109 25.603878 -21.541471
-38.356476 25.434992 -21.545858
-38.176811 25.367165 -21.409796
-38.219719 25.386343 -21.231359
-38.157398 25.458080 -21.710409
-38.019390 25.359608 -21.807028
-37.908981 25.222322 -21.716732
-37.871056 25.089090 -21.897663
-38.104282 25.251801 -21.917875
-38.178497 25.294052 -21.726965
-38.243553 25.488670 -22.046354
-38.199322 25.285196 -22.386726
-38.265728 25.256407 -22.176926
-38.296570 25.397738 -22.385122
-38.214725 25.469309 -23.045685
-38.194050 25.438803 -22.939432
-38.233513 25.443651 -22.644051
-38.315479 25.546999 -22.799978
-38.347454 25.582865 -22.511093
-38.244232 25.599861 -22.255028
-38.329659 25.426228 -22.164276
-38.381195 25.439444 -22.059584
-38.438614 25.515812 -22.208347
-38.289162 25.710043 -21.998568
-38.169601 25.964891 -21.969807
-38.111671 26.031137 -21.623161
-38.290810 25.888268 -20.774483
-38.506916 25.879284 -20.166853
-38.315804 25.983269 -19.588041
-38.398113 26.002092 -19.267620
-38.430363 26.040558 -18.904312
-38.388317 26.004671 -19.696903
-38.254524 25.884647 -20.071423
-38.013092 25.970005 -20.388865
-37.898342 26.319134 -20.639257
-37.728146 26.639393 -20.757557
-37.373589 26.848795 -21.226599
-37.089939 27.057272 -21.409283
-36.863022 27.311817 -21.787201
-36.793488 27.363329 -21.996828
-37.017860 27.035933 -21.832918
-37.314960 26.855928 -21.430792
-37.435040 26.729477 -21.027079
-37.357502 26.950115 -20.668453
-37.155472 27.354813 -20.652548
-37.128250 27.391874 -20.497190
-37.022469 27.462482 -20.508408
-37.033047 27.472160 -20.806204
-36.856709 27.421392 -21.561470
-37.012436 27.123339 -21.670048
-36.921967 27.170406 -22.156586
-36.784645 27.454983 -22.317297
-36.646786 27.624136 -22.866621
-36.614899 27.607334 -23.134926
-36.718189 27.552938 -23.485069
-36.599224 27.708349 -23.690302
-36.610451 27.680557 -23.476519
-36.703430 27.383329 -23.187824
-36.968216 27.233311 -23.142286
-36.989643 27.271271 -22.973923
-36.749184 27.570780 -22.960468
-36.495216 27.822088 -23.127993
-36.420845 27.999733 -22.841253
-36.120548 28.346630 -22.565508
-36.093109 28.512981 -22.455450
-36.093559 28.774780 -22.199812
-36.043518 29.118792 -21.792057
-36.020283 29.446661 -21.027269
-35.906498 29.785017 -20.319160
-35.916267 30.102507 -19.741978
-35.840084 30.309696 -19.447823
-35.846340 30.387680 -18.948633
-35.845741 30.619745 -18.766790
-35.873264 30.893162 -18.114983
-35.968082 30.901260 -17.950109
-36.046379 31.028772 -17.824656
-36.044975 31.115065 -17.710718
-35.943050 31.166548 -17.523293
-35.895111 31.377411 -17.177237
-35.817558 31.423229 -17.039455
-35.727516 31.424780 -16.914967
-35.594498 31.552225 -16.802740
-35.593868 31.516273 -16.607925
-35.643768 31.645493 -15.992093
-35.571686 31.830774 -15.888095
-35.374016 31.856136 -16.179296
-35.210285 31.841318 -16.212578
-35.236099 31.975733 -16.153624
-35.191509 31.876749 -15.999557
-35.137096 31.667879 -16.137239
-35.028469 31.607170 -16.038279
-35.001045 31.665548 -16.163944
-34.928707 31.788313 -16.264481
-34.799900 31.960411 -16.071932
-34.823792 32.065163 -15.930571
-35.464504 32.002686 -15.788955
-35.226673 31.958559 -15.732714
-35.018597 32.100964 -15.915593
-34.948349 32.013775 -15.766275
-35.020950 31.458399 -15.693175
-34.731831 31.669401 -15.684616
-34.651733 31.902561 -15.934503
-34.565258 32.071537 -15.891942
-34.473679 32.171612 -16.064705
-34.484413 32.275078 -15.924789
-34.381001 32.287640 -15.873472
-34.203072 32.192371 -15.664829
-33.984116 32.299809 -16.242163
-34.031162 32.441994 -16.273567
-34.068802 32.462124 -16.466280
-33.863712 32.560146 -16.549137
-33.822838 32.433781 -16.476358
-33.823742 32.549171 -16.863852
-33.796463 32.542019 -16.991993
-33.797043 32.758633 -16.780722
-33.668705 32.844154 -16.618837
-33.683632 32.965233 -16.956440
-33.605976 33.073799 -17.023275
-33.493454 33.213310 -17.019693
-33.521034 33.324921 -16.916986
-33.464695 33.449310 -16.934662
-33.430828 33.537125 -16.734858
-33.469418 33.365173 -16.619720
-33.470592 33.374485 -16.508236
-33.329147 33.418755 -16.400848
-33.322388 33.471722 -16.165178
-33.264843 33.590794 -16.238297
-33.175743 33.650307 -16.124277
-33.233265 33.692066 -15.879737
-33.198498 33.684334 -15.726569
-33.234669 33.754395 -15.618624
-33.218807 33.863102 -15.578621
-33.050362 33.992725 -15.692886
-33.050079 33.969200 -15.379489
-33.018539 34.238499 -15.458469
-32.911499 34.221130 -15.493286
-32.960270 34.306702 -15.617414
-32.948742 34.325783 -15.730548
-32.922863 34.261700 -15.857142
-32.728561 34.356712 -16.068958
-32.741119 34.105068 -16.056559
-32.575523 34.211945 -15.994486
-32.473091 34.147228 -16.075426
-32.570343 34.083759 -15.787171
-32.624531 34.111401 -16.263807
-32.613098 34.236469 -16.144688
-32.315254 34.267399 -16.141800
-32.248074 34.378826 -16.218237
-32.115929 34.432858 -16.193810
-32.167015 34.552143 -15.953191
-32.303082 34.594917 -16.149361
-32.227135 34.582329 -16.263510
-32.440426 34.680626 -16.192509
-32.381813 34.756207 -16.401434
-32.161320 34.758171 -16.725466
-32.248127 34.742184 -16.988258
-32.272770 34.665039 -17.273371
-32.281288 34.509701 -17.615566
-32.041702 34.514156 -17.714600
-31.777231 34.792713 -17.512135
-31.532055 34.980450 -17.318069
-31.593515 35.077984 -17.034451
-31.737883 35.109203 -16.900267
-31.853376 35.028866 -16.792917
-32.119373 34.865124 -16.760525
-32.040970 34.699028 -16.588415
-32.090244 34.782635 -16.386547
-32.012066 34.785160 -16.196526
-31.943924 34.816437 -16.062336
-31.777411 34.923367 -15.805223
-31.712349 34.957993 -16.071821
-31.805111 35.110043 -16.206076
-31.778358 35.076340 -16.102068
-31.616959 35.119591 -16.125835
-31.403837 35.119083 -16.077097
-31.356541 35.206444 -15.849125
-31.184303 35.270481 -15.738060
-30.374512 35.742977 -15.174966
-29.161081 36.717766 -14.578296
-27.764734 37.632168 -13.544706
-25.645258 38.732300 -13.092237
-23.311277 39.764526 -13.343566
-19.696892 40.923813 -13.412700
-16.239784 41.898045 -13.221970
-12.751698 42.607224 -13.090779
-9.563629 43.127754 -13.017920
-6.357973 43.579292 -13.373258
-3.541449 43.870304 -13.728841
-0.666630 43.892487 -14.252213
2.086824 43.892677 -14.506886
5.331190 43.764107 -14.928135
7.428282 43.567638 -15.026228
9.150755 43.275894 -15.250900
11.071932 42.802608 -15.719461
13.023275 42.260155 -16.475843
14.998751 41.551201 -16.984674
16.534330 40.790955 -17.277637
17.589193 40.451897 -17.622545
18.259485 40.081192 -17.894905
18.599718 40.334610 -18.141317
18.871904 40.437881 -18.210081
19.240854 40.087528 -18.528959
19.524813 40.076389 -18.484537
19.651178 39.979713 -18.534578
19.976271 39.937477 -18.471205
20.297945 39.710613 -18.434769
20.818487 39.271675 -18.673050
21.234919 38.920532 -18.913595
21.680067 38.949711 -18.995493
21.576982 39.090073 -19.456808
20.973715 39.489056 -19.369448
20.328703 39.661972 -19.053522
20.031092 39.905621 -18.651022
20.000204 40.094692 -18.346849
20.177092 40.117226 -17.229908
20.044203 40.404392 -16.810596
19.881891 40.792103 -16.553593
19.981642 40.874088 -16.315899
19.983042 40.968925 -15.979548
19.995363 40.775654 -15.664113
19.977221 40.755611 -15.500909
19.962706 40.821487 -15.316858
19.816694 40.780575 -15.105436
19.844606 41.048260 -14.861615
19.711016 41.155071 -14.944489
19.716143 41.339985 -15.160547
19.647444 41.523026 -15.112321
19.402086 41.499779 -15.112962
19.424200 41.645008 -14.828215
19.318689 41.644173 -14.700256
19.335875 41.729565 -14.455383
19.259516 41.674564 -14.283320
19.395445 41.757206 -14.246307
19.598085 41.728081 -14.238297
19.816198 41.693081 -14.321033
19.766687 41.787945 -14.651085
19.727079 41.863842 -14.540725
19.926523 41.716858 -14.384659
19.916548 41.713356 -14.199217
20.020567 41.657894 -14.250546
20.075785 41.625229 -14.148979
20.187159 41.552288 -14.114079
20.318415 41.361828 -14.264933
20.426062 41.283058 -14.149793
20.439379 41.225895 -13.961405
20.444433 41.180164 -14.088820
20.431677 41.336658 -13.951852
20.326273 41.491108 -14.198848
20.358168 41.605858 -14.356981
20.155466 41.554344 -14.686975
20.099703 41.454624 -14.573003
20.111094 41.456760 -14.449733
20.119654 41.558136 -14.432684
20.093454 41.562973 -14.565687
20.122892 41.484932 -14.222805
20.121607 41.425205 -14.338798
20.411528 41.477921 -14.466439
20.254812 41.561142 -14.563186
20.235178 41.419106 -14.595206
20.221720 41.569202 -14.426080
20.154123 41.430504 -14.743414
20.056471 41.589306 -14.833871
19.940214 41.584454 -14.791924
19.902769 41.694855 -14.961905
19.950953 41.385307 -14.966269
19.751291 41.383755 -14.810701
19.602762 41.411766 -14.522223
19.657541 41.475136 -14.694368
19.807764 41.578487 -14.978280
19.655603 41.651249 -15.167462
19.565413 41.649166 -15.328229
19.364981 41.857971 -15.362905
19.220915 41.966671 -15.420401
19.133661 42.117989 -15.341595
19.346258 41.880680 -15.605371
19.449839 41.910187 -15.507471
19.518400 41.768551 -15.407687
19.534052 41.661095 -15.488317
19.406572 41.809166 -15.713280
19.158987 41.763798 -16.021618
18.927320 41.897179 -16.207668
18.792387 41.793255 -16.174656
19.041605 41.604980 -16.301840
19.281412 41.641407 -16.274954
19.310862 41.576931 -16.442430
19.351221 41.525349 -16.654858
19.453016 41.479160 -16.703306
19.459345 41.687023 -17.013319
19.632406 41.707039 -16.894058
19.507654 41.635288 -16.606098
19.452654 41.601292 -16.372166
19.347055 41.656006 -16.138664
19.251375 41.541805 -16.126585
19.230829 41.573311 -16.013517
19.113592 41.463947 -15.873139
19.340132 41.491352 -15.771553
19.553835 41.474442 -16.296442
19.207491 41.539024 -16.549513
19.150923 41.588642 -16.262716
18.853304 41.674129 -15.837605
18.781546 41.942986 -15.768065
18.602964 41.993725 -15.633991
18.544100 42.034313 -15.744242
18.480211 41.967319 -15.875231
18.742701 41.837662 -16.019245
19.316690 41.365326 -16.237864
19.781481 41.127884 -16.255865
20.108515 41.119305 -16.234608
20.319742 40.966171 -16.238998
20.343122 40.861217 -16.242510
20.457029 40.900120 -16.241755
20.363352 40.866886 -16.048599
20.239660 40.911472 -16.094938
20.178259 40.957878 -16.277023
20.207537 40.989151 -15.927053
20.060625 41.284004 -16.296946
19.906229 41.343670 -16.392275
19.810713 41.385551 -16.094137
19.723101 41.524368 -16.158712
19.742609 41.629578 -16.263861
19.814219 41.725445 -16.091244
19.917334 41.765198 -15.957496
20.135649 41.558941 -15.842654
20.067049 41.423195 -15.964659
20.056971 41.302895 -15.955290
19.998507 41.113045 -16.083292
19.980444 40.928497 -16.130295
20.126757 41.115898 -16.096590
20.177534 41.174076 -15.878982
20.176737 41.312855 -15.918634
20.239920 41.343346 -16.114586
20.153170 41.241039 -16.436340
20.053171 41.092506 -16.441933
20.054384 40.948730 -16.514303
20.024439 40.888222 -16.666002
19.866083 40.880768 -16.783794
19.946596 41.026932 -16.845938
19.848608 41.032696 -17.195171
19.727739 40.817009 -16.704731
19.762308 40.925186 -16.969139
19.908751 41.004951 -17.049927
19.767275 40.903877 -17.274925
20.036360 40.849499 -16.971937
19.942820 40.902454 -17.114119
19.860132 40.723793 -16.926260
19.925035 40.602955 -17.134628
19.876158 40.746170 -17.130169
20.006254 40.796764 -16.804258
20.125933 40.749100 -16.694717
20.172808 40.696529 -17.069483
20.298029 40.773186 -17.029284
20.174555 40.911613 -16.985275
20.271772 40.864380 -16.782478
20.696749 40.727123 -16.634506
21.098330 40.506149 -16.462643
21.559595 40.171398 -15.961445
22.399004 39.845089 -15.300189
23.070532 39.449471 -14.917379
23.630156 39.033508 -14.678879
24.189856 38.847012 -14.655670
25.276014 37.691460 -14.722681
26.592939 36.708504 -14.530253
28.324080 35.378010 -14.116014
30.492994 33.289700 -13.809580
32.435326 31.039812 -13.739155
34.577194 28.005362 -13.622197
36.604286 25.068768 -14.077754
38.309959 22.549818 -14.021443
39.741699 20.043180 -14.504123
40.898293 17.950108 -14.687018
41.834763 15.830980 -14.779851
42.807938 13.872386 -14.251508
43.586479 12.580503 -13.885886
43.940514 12.611865 -13.892908
42.857338 15.211357 -14.051852
41.246002 18.332413 -14.114825
38.136932 22.373899 -13.541202
35.168076 25.946444 -12.971763
32.434586 28.903944 -12.270176
29.956598 31.580040 -11.922851
27.643808 33.919849 -11.534452
25.726377 35.897015 -11.837041
24.186831 37.151096 -11.979271
22.843195 38.207020 -12.050267
21.628286 39.174622 -12.256824
20.689959 39.849243 -12.564700
20.112898 40.418198 -12.932236
19.561647 40.879208 -13.222698
18.963846 41.435246 -13.447936
18.334406 41.768909 -13.474801
17.819654 42.158707 -13.767287
17.200655 42.277470 -13.919265
16.755854 42.524601 -14.094332
16.338415 42.786667 -14.373451
16.066061 42.920258 -14.646667
15.506578 42.956917 -14.711910
15.120592 43.120815 -14.949524
16.561731 42.238136 -14.633452
18.434317 41.287846 -14.462437
21.365984 39.298923 -14.464688
24.674517 36.420578 -14.359517
28.945345 32.409439 -14.093526
32.602806 26.105392 -13.773763
35.467178 20.096756 -13.257654
37.853874 14.640391 -12.730663
39.567230 9.426918 -13.196937
40.971512 5.232737 -13.830256
41.926941 1.736969 -14.508065
42.775284 -1.527718 -15.232165
43.319557 -3.899579 -15.961206
43.850174 -6.206634 -16.605057
44.151466 -8.081531 -17.184320
44.409302 -9.704318 -17.308987
44.565170 -10.733407 -17.351669
44.773865 -11.357746 -17.104122
45.041618 -12.021044 -16.906084
45.059822 -13.160175 -16.847492
45.074387 -14.036376 -16.636595
44.895638 -14.842653 -16.086344
44.859039 -15.587141 -15.788774
44.936165 -15.983800 -15.550716
44.908264 -16.230917 -15.428020
44.885941 -16.504671 -15.340560
44.879280 -17.185898 -15.384697
44.638756 -17.567051 -15.626819
44.535934 -18.006544 -15.870437
44.453674 -18.434206 -16.065329
44.068672 -18.887499 -16.517199
43.771866 -19.560230 -16.810946
43.545624 -20.115971 -17.495226
43.347832 -20.642475 -17.678946
43.307198 -20.642410 -17.472914
43.185089 -20.946609 -17.158327
43.076202 -21.242624 -17.188351
43.157089 -21.309763 -17.568943
43.317001 -21.258158 -17.516844
43.366531 -21.415804 -17.346800
43.277359 -22.027546 -17.225025
43.010017 -22.821186 -17.612547
42.796143 -23.432695 -18.115114
42.580246 -23.646910 -18.477943
42.054726 -24.093275 -18.946493
41.891914 -24.362604 -18.936235
41.728065 -24.613173 -19.166931
41.627640 -24.813673 -19.270216
41.716805 -24.911572 -18.894165
41.643974 -25.105005 -18.644772
41.669708 -25.078373 -18.309757
41.667900 -24.910795 -18.362661
41.716850 -24.577801 -18.544050
41.806412 -24.077370 -18.600018
41.861259 -23.899359 -18.626963
42.061935 -23.803757 -18.605728
42.015282 -23.756531 -18.399757
42.151558 -23.812365 -18.423964
42.266174 -23.816076 -18.518211
42.463707 -23.663443 -18.250998
42.403893 -22.883659 -18.461849
42.356041 -22.897581 -18.313181
42.312164 -23.101801 -18.657793
42.316261 -23.300282 -18.726669
42.291542 -23.453213 -18.952925
42.338966 -23.569710 -18.959208
42.304100 -23.434719 -19.206705
42.309807 -23.192160 -19.340519
42.482376 -23.179489 -20.388924
42.478874 -23.171776 -20.140720
42.304031 -22.964249 -19.995022
42.164154 -22.798229 -19.728704
42.181053 -22.612753 -19.708199
42.256172 -22.505329 -19.306694
42.316269 -22.378435 -18.746586
42.369942 -22.522659 -18.166569
42.401680 -22.608784 -17.716818
42.443871 -22.777149 -17.510344
42.449623 -22.865032 -17.812277
42.487831 -22.952890 -18.192884
42.563194 -22.853500 -18.458149
42.405083 -22.914413 -18.648966
42.468994 -22.963142 -18.751699
42.436508 -22.803629 -18.649290
42.421333 -22.698986 -18.880325
42.330795 -22.632826 -19.286228
42.258369 -22.749573 -19.514675
42.312424 -22.807865 -19.308769
42.382423 -22.852022 -19.530006
42.283089 -22.972113 -19.876743
42.322281 -22.832094 -20.024464
42.374756 -22.745165 -20.287115
42.333374 -22.819340 -20.565615
42.249229 -22.974848 -20.780657
42.153915 -23.017342 -21.034698
42.083260 -23.022081 -21.327076
41.978165 -23.093264 -21.326633
42.060265 -23.041861 -21.428692
41.941139 -22.778404 -22.262709
41.840240 -22.737316 -22.345142
41.748322 -22.850719 -22.250631
41.719589 -22.812719 -22.146496
41.719002 -22.723812 -21.856377
41.651329 -22.787260 -21.585056
41.675591 -22.779509 -21.439318
41.667000 -22.866920 -21.287066
41.643333 -22.925146 -21.143873
41.540398 -23.041941 -21.200474
41.592445 -23.188034 -21.156609
41.641640 -23.147991 -20.881641
41.673439 -23.202662 -20.502180
41.570084 -23.263952 -20.416122
41.492996 -23.535320 -20.208212
41.464928 -24.243893 -20.223738
41.289848 -24.340990 -20.306814
41.263206 -24.449606 -20.227737
41.236298 -24.589159 -20.239359
41.085968 -24.636440 -20.084629
41.068855 -24.557083 -20.209837
40.958221 -24.620972 -20.042507
40.874710 -24.767208 -20.091173
41.531731 -24.866621 -20.178368
41.322311 -24.741394 -20.050100
41.087578 -24.810886 -20.100813
41.101395 -24.866482 -19.684969
40.776443 -24.864151 -19.666079
40.768837 -24.817495 -19.985466
40.779198 -24.930277 -20.081198
40.706917 -24.662228 -20.198462
40.752060 -24.648087 -20.305080
40.860977 -24.519756 -20.097984
40.964912 -24.522411 -20.324539
41.014458 -24.284645 -20.313231
41.104500 -24.094431 -20.610840
40.913330 -24.065134 -20.438868
41.001198 -24.106054 -20.629337
41.043488 -24.015919 -20.771013
41.275223 -24.041954 -20.940027
41.352310 -23.911982 -20.926861
41.447578 -23.538864 -20.869968
41.643005 -23.391241 -21.092562
41.808640 -23.171900 -21.453533
41.756645 -22.911692 -21.630051
41.771049 -22.779587 -21.657166
41.642570 -22.890388 -21.443516
41.598679 -23.096748 -21.033882
41.471069 -23.208477 -20.902102
41.492188 -23.368069 -20.946438
41.419479 -23.618612 -21.727146
41.450912 -23.696177 -21.292688
41.498459 -23.682167 -21.052095
41.724846 -23.684227 -21.020851
41.532806 -23.508785 -21.112755
41.482506 -23.808472 -20.788677
41.540764 -23.648346 -20.875332
41.587143 -23.526884 -20.807350
41.601845 -23.423862 -20.863508
41.669609 -23.452616 -20.566120
41.690216 -23.341045 -20.649128
41.631416 -23.353573 -21.216513
41.659859 -23.559351 -21.071165
41.373741 -23.595543 -21.139540
41.347122 -23.671873 -21.450176
41.432228 -23.510603 -21.431250
41.636543 -23.487833 -21.827610
41.506966 -23.544746 -22.050550
41.358505 -23.642937 -22.039919
41.430138 -23.581068 -22.220396
41.401123 -23.645267 -21.924742
41.273827 -23.588783 -22.256620
41.272789 -23.654762 -22.432983
41.243965 -23.818710 -22.602598
41.192902 -23.891361 -22.873787
41.315376 -23.853218 -22.831415
41.113754 -23.941145 -22.760801
41.027275 -23.686146 -22.587238
41.008347 -23.884777 -22.529886
40.881210 -23.762836 -22.637331
40.801895 -23.741346 -22.420197
40.860168 -23.027016 -22.441280
40.880264 -23.205347 -22.295450
40.901939 -23.441628 -22.460480
40.933151 -23.701130 -22.277365
40.797455 -23.747854 -22.314211
40.835693 -23.910738 -22.454094
41.005775 -23.548704 -22.504030
40.950333 -23.590622 -22.375839
40.957993 -23.574320 -22.257359
40.924927 -23.807016 -22.223194
40.803268 -23.905409 -22.188732
40.657211 -23.894976 -22.354471
40.662216 -23.890013 -22.543583
40.620811 -23.775280 -21.479170
40.481583 -23.809811 -21.497234
40.482193 -23.737970 -21.878962
40.499481 -23.797516 -22.091629
40.558113 -23.956318 -22.065649
40.662704 -23.966171 -22.060329
40.632690 -24.067841 -22.154711
40.552681 -24.119921 -22.372849
40.589478 -24.144033 -22.618671
40.641312 -24.139919 -22.494417
41.309982 -24.300453 -22.355787
41.251312 -24.352816 -22.608589
41.002777 -24.365454 -22.696730
40.949554 -24.679811 -22.663832
40.828575 -24.556839 -22.812237
40.686989 -24.786112 -22.852514
40.573723 -24.969530 -23.095114
40.639908 -24.759361 -23.085947
40.788055 -24.638031 -23.007298
40.951378 -24.412245 -23.290257
41.070831 -24.260872 -23.302679
41.222397 -23.361605 -23.291222
41.226051 -23.279938 -23.167953
41.305756 -23.264694 -22.816793
41.611938 -23.026884 -21.633114
41.851280 -22.836634 -19.181429
41.628357 -23.246124 -15.815183
40.862015 -23.766794 -9.438782
37.840942 -24.118971 -1.991408
34.124886 -23.932640 5.542545
29.040838 -22.355951 13.719844
23.713602 -19.941969 20.896387
16.287809 -16.916664 26.972797
8.907976 -12.237965 31.163570
1.777712 -7.523754 33.724598
-4.906502 -0.938094 33.587624
-9.901072 5.588380 32.397625
-13.555128 11.359546 30.985645
-16.539974 15.976479 29.331900
-19.252649 19.845552 27.584581
-21.473190 23.051977 25.462881
-23.148823 26.172956 22.481859
-24.422129 28.892075 19.184210
-25.983974 30.997154 15.619002
-27.160650 32.564205 12.420961
-28.124390 34.057728 9.705632
-28.452982 35.404675 7.725921
-28.497458 36.546589 6.053006
-28.751436 37.290443 4.768162
-29.173019 37.932339 3.226820
-29.465487 38.217667 1.630043
-29.593060 38.469330 0.441765
-29.493519 38.647263 -0.783418
-29.514685 39.041191 -1.998903
-29.548418 39.052094 -2.518444
-29.681805 39.329956 -2.934076
-29.491714 39.522987 -3.359290
-29.278042 39.782730 -3.720856
-29.112705 39.850101 -3.992281
-29.478834 39.699219 -3.970517
-30.057339 39.332775 -3.371892
-30.475342 39.051319 -3.021356
-30.025743 39.118706 -2.855033
-30.332466 39.090698 -2.675617
-30.460243 38.951271 -2.421548
-30.730465 39.114727 -2.311001
-30.761843 39.140171 -2.482862
-30.842945 39.142979 -2.010611
-31.025427 39.145222 -1.721955
-31.283411 38.930531 -1.077406
-31.685801 38.641762 -0.376346
-31.839710 38.410748 0.437668
-31.878839 38.477524 0.753700
-31.870941 38.566051 1.359535
-31.982224 38.519852 2.182948
-31.735250 38.605762 2.731141
-30.826471 39.206924 3.116210
-30.009848 39.775623 3.367209
-29.776548 40.072601 4.327509
-29.729910 40.000088 5.013740
-29.922197 39.883568 5.270336
-30.076029 39.761097 4.562783
-30.675095 39.470039 4.834686
-30.958345 39.307404 5.212667
-31.028147 39.107086 5.532882
-31.083988 38.905876 5.635729
-31.011061 38.978947 5.931951
-30.958319 38.873573 6.397132
-30.826527 38.953102 6.665872
-30.743492 38.993320 6.802419
-30.850664 38.966984 7.025757
-31.009201 38.975170 7.083192
-31.136032 39.010979 7.246812
-30.838188 39.070724 7.187181
-30.654287 39.262260 6.902269
-30.560900 39.433727 6.727670
-30.306992 39.635262 6.933869
-30.232662 39.720425 7.109527
-30.279602 39.835365 7.135950
-30.109951 39.845402 7.246229
-30.431284 39.533928 6.698114
-30.460897 39.457981 6.817513
-30.706261 39.401276 6.729152
-30.636080 39.539089 6.571347
-30.708735 39.462109 6.430841
-30.710857 39.377125 6.197204
-30.510958 39.326687 6.341907
-30.375420 39.438950 6.357724
-30.343407 39.557526 6.481019
-30.194595 39.605579 6.451288
-30.305147 39.509449 6.748418
-30.477781 39.457623 7.005845
-30.726027 39.515724 6.978762
-30.803093 39.531181 6.674762
-30.702345 39.496742 6.834491
-30.840147 39.533546 6.862434
-30.506351 39.326187 6.863915
-30.375351 39.321045 7.121313
-30.420696 39.183689 7.205272
-30.609228 39.084179 7.201848
-30.659252 39.045521 6.913850
-30.858969 38.868160 6.913471
-30.775045 38.703033 6.708107
-30.679907 38.693798 6.854034
-30.603796 38.785877 6.974341
-30.521076 38.817833 6.787447
-30.603657 38.864033 6.633606
-30.615595 38.728985 6.298798
-30.620468 38.700680 6.055576
-30.547426 38.621719 6.267896
-30.469812 38.576092 6.384195
-30.413321 38.720963 6.555680
-30.424128 38.731548 7.017353
-30.483171 38.933094 6.948103
-30.452837 39.151943 6.858367
-30.939663 39.157436 6.771702
-31.041201 39.074875 6.712363
-30.867096 39.254383 6.651872
-30.617998 38.965740 7.142668
-30.613640 38.999538 6.509088
-30.533983 38.977810 6.313284
-30.655056 39.054043 6.081760
-30.723915 39.109180 6.199633
-30.706203 39.159138 6.047895
-30.835539 39.085266 6.101167
-30.835152 39.099548 6.334877
-30.814745 39.077095 6.515825
-30.931602 39.018253 6.670142
-30.989954 38.899174 6.688165
-30.940697 38.601307 6.500173
-31.103628 38.653374 6.359638
-31.261972 38.735985 6.678668
-31.416649 38.802074 6.684289
-31.356556 38.801441 6.956406
-31.464315 38.743271 7.041978
-31.494522 38.766945 6.839436
-31.514502 38.868908 6.905067
-31.456272 38.925964 6.712081
-31.469862 38.878235 6.439172
-31.241360 38.798859 6.496258
-31.294237 38.672848 6.295343
-31.261999 38.741989 7.099554
-31.229046 38.879848 7.173521
-31.128729 39.039871 7.402013
-31.304453 39.162205 7.195216
-31.074778 39.069214 7.697579
-31.026093 38.963341 7.749020
-31.043144 38.972256 7.879314
-30.903950 38.978191 7.554290
-30.710230 38.978287 7.887553
-30.485035 39.022892 8.027996
-30.319098 39.078407 8.323572
-30.348749 39.099415 8.431665
-30.343287 39.220940 8.503169
-30.261391 39.274143 8.333560
-30.196182 39.396427 8.314857
-30.144016 39.488403 8.053855
-30.107883 39.450813 7.716691
-30.312332 39.445835 7.468649
-30.180937 39.627396 7.473167
-30.305420 39.684879 7.419730
-30.303236 39.686909 7.250072
-30.420059 39.597919 7.430238
-29.903118 39.602791 7.403213
-30.055164 39.507217 7.449344
-30.087202 39.442463 7.282999
-30.351736 39.187737 7.071281
-30.291359 39.009686 6.556899
-30.517117 39.148300 6.472503
-30.557564 39.079266 6.711906
-30.967445 38.773388 6.812538
-31.102627 38.638916 6.712936
-31.177172 38.730270 6.904251
-31.018408 38.803349 6.921807
-31.154598 38.692142 7.078480
-30.984468 38.539024 7.621441
-31.082787 38.689102 7.728602
-30.886900 38.670956 7.952125
-30.870192 38.592075 8.123809
-30.980024 38.558228 8.164883
-31.209862 38.614799 7.954462
-31.103838 38.851109 7.961705
-31.183743 38.724499 8.341852
-31.247663 38.751926 8.610311
-31.478003 38.604198 8.964143
-31.494272 38.755154 8.644598
-31.392262 38.792316 8.633740
-31.212879 38.870544 8.326793
-31.079111 38.923546 8.256071
-31.119160 39.034035 8.235036
-30.883389 38.813999 7.662044
-30.727381 38.770870 7.435334
-30.854576 38.958702 7.382329
-31.199017 39.085251 7.062109
-31.444683 39.005421 7.147934
-31.635616 38.929863 7.016911
-31.737965 39.080044 7.104645
-31.663042 38.890095 7.139175
-31.398354 38.882195 7.246662
-31.385754 39.006805 7.381154
-31.370565 38.963585 7.019821
-31.352324 38.884689 7.420755
-31.242529 38.979546 7.534693
-31.376745 38.794342 7.583943
-31.446867 38.801952 7.832829
-32.067135 38.918381 7.791216
-31.831181 38.836823 8.073529
-31.653614 38.660412 7.953505
-31.982592 38.525513 7.726630
-32.037945 38.382107 7.775826
-32.072071 38.230431 7.935040
-32.277527 38.064125 7.771396
-32.435986 37.938438 7.895258
-32.932659 37.461926 7.739571
-33.234798 37.396667 7.700601
-32.737309 37.607754 7.854840
-31.840918 38.156925 8.249231
-31.482204 38.485104 8.707373
-31.744034 38.291271 8.770798
-32.065498 38.212269 9.049745
-32.373070 37.786304 9.511806
-33.481525 36.421627 9.735261
-34.575493 35.271374 10.024560
-35.265865 34.485744 10.352276
-35.666962 33.997662 10.564528
-36.043839 33.665703 10.937578
-36.171741 33.523010 11.285935
-36.089264 33.742355 11.521836
-36.168884 33.894424 11.828226
-36.042175 33.980976 12.062640
-35.526413 34.418831 11.818719
-34.929001 35.067505 11.455992
-34.092670 35.949203 10.620249
-33.496407 36.713074 9.880343
-33.388996 37.271503 8.856962
-33.303066 37.583683 8.369873
-33.245525 37.599392 8.151354
-33.529892 37.530041 8.005067
-34.300583 36.965534 7.941525
-35.062737 36.402760 8.093938
-35.465260 35.946690 8.433375
-35.552078 35.792465 8.622912
-35.582333 35.827061 8.949263
-35.970539 35.415920 9.299490
-36.639500 34.601379 9.526186
-37.471470 33.616245 9.857302
-38.344246 32.828140 9.851200
-39.344868 31.624264 9.618113
-40.346966 30.181391 9.135686
-41.859844 27.470747 8.603549
-43.361343 24.173004 8.074433
-44.573746 19.405077 7.929268
-45.454067 14.730650 7.912975
-45.491924 10.417719 7.803667
-45.779812 5.627514 7.666299
-45.825317 1.409191 7.723997
-45.856125 -1.754836 8.251529
-45.824772 -4.520092 8.801917
-45.570087 -7.188671 9.017590
-45.416740 -9.475657 9.054626
-45.170864 -11.299395 9.109220
-45.074963 -12.600411 9.245602
-44.600639 -14.513010 9.226339
-44.114784 -16.242020 9.456964
-43.647697 -16.993328 9.637903
-43.313229 -17.968838 9.993032
-43.073654 -18.807751 9.742276
-43.072395 -19.303354 9.545234
-43.048985 -19.758345 9.344810
-42.963058 -20.011171 9.209435
-42.911118 -20.002798 9.575377
-42.662365 -20.323751 9.953708
-42.452164 -20.715084 10.456051
-42.228001 -20.957941 10.444300
-42.121471 -21.433069 10.477688
-41.991447 -21.988701 10.165654
-41.753029 -22.152363 10.001607
-41.814293 -22.218931 9.681382
-41.684105 -22.582283 9.282575
-41.591156 -22.995836 9.127554
-41.466396 -23.209660 9.057021
-41.383385 -23.380718 8.872231
-41.277779 -23.611179 8.567503
-41.221294 -23.754589 8.573322
-41.176105 -23.787407 8.282022
-41.184757 -23.895573 8.102468
-41.180412 -23.971758 7.998669
-41.064999 -24.113268 8.150348
-40.905472 -24.349344 8.171849
-40.817047 -24.772242 8.196182
-40.867798 -24.748140 8.489383
-40.853237 -24.761971 8.319744
-40.808861 -25.020432 8.318063
-40.666958 -25.227198 8.266802
-40.755035 -25.392609 8.093860
-40.584702 -25.630255 7.980466
-40.465233 -25.627293 8.043075
-40.469036 -25.806746 8.273015
-40.536430 -25.853724 8.123503
-40.611416 -26.045956 8.100457
-40.565002 -26.076872 8.324490
-40.559078 -25.997263 8.535013
-40.489532 -26.020363 8.647173
-40.316299 -26.073950 8.686978
-40.334511 -26.087564 8.943467
-40.454750 -25.995119 8.799318
-40.596470 -25.995245 9.015511
-40.742310 -25.773090 9.070804
-40.804115 -25.560183 9.386024
-40.937565 -25.214331 9.345811
-40.999523 -24.978605 9.406350
-41.116287 -24.743216 9.251533
-41.128727 -24.417841 9.300914
-41.258854 -24.394072 9.316945
-41.385353 -24.462818 9.269153
-41.542553 -24.400799 9.309366
-41.623512 -24.234163 9.170382
-41.632282 -24.130112 9.130507
-41.717697 -23.994209 9.330382
-41.685226 -23.873789 9.269206
-41.849655 -23.900320 9.084765
-41.801994 -23.956650 8.873033
-41.691925 -23.950001 8.691511
-41.631008 -24.171921 8.348051
-41.481476 -24.413815 8.394197
-41.462654 -24.472763 8.509558
-41.357994 -24.590132 8.780134
-41.363865 -24.754234 8.811176
-41.290161 -24.821161 8.671988
-41.253601 -24.898104 8.560638
-41.246750 -25.070826 8.303970
-41.190872 -25.314318 8.394589
-41.140568 -25.421352 8.381508
-40.881927 -25.489428 8.349649
-40.680611 -25.631649 8.431131
-40.670761 -25.739576 8.396480
-40.623680 -25.855171 8.522081
-40.614208 -25.990240 8.721762
-40.668037 -26.120064 8.539837
-40.546192 -26.228603 8.693634
-40.592007 -26.193375 9.051921
-40.499077 -26.095341 9.249682
-40.592731 -26.046169 9.354404
-40.439754 -26.010468 9.031678
-40.461273 -25.989973 9.183571
-40.327290 -25.973576 9.330042
-40.451313 -26.072834 9.545243
-40.369720 -25.928698 9.822626
-40.259647 -25.749029 9.745011
-40.378788 -25.488276 9.811288
-40.462902 -25.215311 9.839347
-40.496593 -25.037895 9.740561
-40.551544 -24.913517 9.961053
-40.628437 -24.764837 10.131653
-40.713020 -24.636560 10.380898
-40.875885 -24.463728 10.462624
-41.728580 -24.284506 10.488784
-41.665936 -24.246447 10.634512
-41.453419 -24.087278 10.333903
-41.188206 -23.971643 10.168297
-41.132835 -23.908392 10.007285
-41.164078 -23.827049 9.803247
-41.141533 -23.927286 9.690287
-41.055309 -23.918335 9.562567
-41.026520 -24.386478 9.697423
-41.014687 -24.257814 9.798176
-40.870819 -24.236794 9.611350
-40.806126 -24.132215 9.682965
-40.765572 -24.177273 9.554837
-40.839527 -24.277679 9.263352
-40.887493 -24.229280 9.144265
-40.830666 -24.079397 9.177362
-40.933632 -24.309404 8.907675
-41.051052 -24.347778 8.914786
-41.023113 -24.373127 9.043701
-40.907490 -24.547291 8.889073
-40.852264 -24.690708 8.884065
-40.729683 -24.694275 8.951376
-40.888226 -24.753901 9.021860
-40.982452 -24.885250 9.093704
-40.933334 -24.819296 9.450324
-40.693741 -24.726938 9.646852
-40.737263 -24.582838 9.443936
-40.772079 -24.567022 9.320827
-41.015095 -24.761000 8.985557
-40.994347 -24.738808 9.128841
-41.078548 -24.598186 9.286258
-41.201908 -24.719725 9.148326
-41.058109 -24.692299 9.433219
-40.958237 -24.663044 9.594157
-40.960060 -24.601933 9.726259
-41.017517 -24.430176 9.831944
-41.077858 -24.125507 9.867173
-41.117359 -24.148500 10.301249
-41.160156 -24.120087 10.413170
-41.160797 -24.038849 10.780832
-41.329308 -23.862692 10.850321
-41.441719 -23.557940 10.955834
-41.408443 -23.477964 10.836995
-41.521828 -23.314518 10.823937
-41.629333 -23.090147 11.038133
-41.715336 -22.922352 11.209486
-41.812141 -22.805670 10.850932
-41.928783 -22.647963 10.414331
-42.100494 -22.463285 10.642697
-42.288269 -22.280441 10.850349
-42.455284 -22.216078 10.659900
-42.594498 -22.147034 10.582420
-42.633072 -21.916271 10.181690
-42.747925 -21.813574 9.978779
-42.823013 -21.743114 9.720172
-42.911079 -21.487820 9.702271
-42.981537 -21.283585 9.666555
-42.942699 -21.225512 9.452563
-42.861229 -21.196608 9.591593
-42.723255 -21.354860 9.824049
-42.562473 -21.656990 9.974359
-42.440712 -21.866211 9.887003
-42.370041 -21.861288 9.728765
-42.319794 -21.993452 9.312636
-42.463474 -21.854534 9.208196
-42.573051 -21.764183 9.064484
-42.783913 -21.756264 9.120670
-42.773399 -21.632910 9.247632
-42.770592 -21.446461 9.274322
-43.076344 -21.086672 9.445433
-43.152946 -20.611610 9.507439
-43.287025 -20.272516 9.553482
-43.416695 -20.059753 9.889835
-43.447624 -19.953899 9.666847
-43.253971 -20.308037 9.181802
-42.875046 -21.141331 8.736714
-42.000710 -22.486673 8.234448
-40.702038 -23.796986 7.936045
-39.170300 -25.822338 7.558259
-37.569710 -27.904840 7.566250
-35.494038 -29.921898 7.725969
-33.827904 -31.594053 7.440119
-31.649391 -33.399849 7.461037
-29.284985 -35.318413 7.295921
-25.875858 -37.075596 6.992675
-22.381355 -39.078140 6.914098
-18.896955 -40.721127 6.230801
-15.885434 -42.017963 5.780437
-13.022617 -43.154903 5.345264
-10.116364 -44.245831 5.064875
-6.900961 -45.036659 5.047376
-3.096640 -45.189548 5.154615
0.344418 -45.300159 5.661160
3.909266 -44.739193 6.226857
7.175543 -44.430847 7.107302
10.225363 -43.780453 7.897235
12.665220 -43.289394 8.415075
13.816305 -43.294407 8.412161
14.552374 -43.473946 8.502538
15.068430 -43.401093 8.610496
15.369272 -43.459831 9.024911
15.296347 -43.588734 9.513331
15.344408 -43.721107 9.697257
15.315657 -43.739246 9.031410
15.588972 -43.539520 10.376770
15.886507 -43.389194 11.012012
16.214136 -43.268932 11.434627
16.593840 -43.026451 11.926045
16.920000 -42.738846 12.287091
17.337732 -42.549721 12.080289
17.806314 -42.439381 12.125225
18.164381 -42.251640 12.403647
18.417234 -42.113148 12.358954
18.669916 -42.019909 12.291108
18.732065 -42.179356 12.236831
18.744276 -42.145664 12.100187
18.800253 -42.275055 12.096889
18.981932 -42.131882 11.896038
19.088076 -42.268936 11.842328
19.133791 -42.325916 11.728045
19.315962 -42.289589 11.554608
19.424490 -42.361912 11.516002
19.391722 -42.482212 11.217381
19.585337 -42.360558 11.058366
19.693998 -42.323151 10.986770
19.573729 -43.042145 10.651369
19.628714 -42.950336 10.490018
19.790300 -42.835934 10.396595
19.673170 -42.715157 10.275501
19.599703 -42.840809 9.967772
19.548693 -42.760010 9.686405
19.625483 -42.894306 9.389998
19.832518 -42.820362 8.817696
19.908545 -42.825565 8.652245
19.986166 -42.823879 8.252452
20.238661 -42.840084 8.307021
20.448816 -42.959377 8.038295
20.569582 -42.948483 8.142828
20.727797 -42.922215 8.069560
20.686365 -42.901196 7.907539
20.770823 -42.960449 7.742268
20.693411 -42.723480 7.703676
20.978060 -42.759762 7.771726
21.020979 -42.619114 7.712061
21.144915 -42.565105 7.621538
21.255262 -42.551151 7.531292
21.309938 -42.539989 7.412745
21.399874 -42.360085 7.470952
21.589594 -42.134953 7.533168
21.408613 -42.167564 7.743423
21.471819 -42.268227 7.578881
21.582998 -42.311367 7.659289
21.672930 -42.289650 7.418866
21.582472 -41.535065 7.775651
21.543707 -41.510635 7.957673
21.479094 -41.578857 7.771677
21.461004 -41.686089 8.022240
21.597734 -41.713367 8.012315
21.723917 -41.793697 8.232578
21.684862 -41.969128 8.430183
21.608820 -42.115326 8.506259
21.542387 -42.173775 8.399530
21.547331 -42.241295 8.238402
21.752279 -42.426807 8.208924
21.746752 -42.288387 8.061822
21.893354 -42.256405 7.739455
21.971498 -42.317844 7.350573
21.805113 -42.411945 7.147647
21.591345 -42.508667 7.229975
21.553095 -42.629074 7.319749
21.397005 -42.526268 7.218549
21.578798 -41.752171 6.982959
21.445570 -41.795486 7.159496
21.529387 -41.888649 7.297160
21.484438 -41.863712 7.421552
21.703074 -41.888653 7.576432
21.752188 -41.998287 7.530865
21.752279 -42.156204 7.437360
21.835291 -42.237335 7.278467
21.698416 -42.290924 7.175629
21.983824 -42.389469 7.833752
21.954390 -42.340427 8.096862
22.216803 -42.311646 7.913276
22.319971 -42.295727 7.921578
22.262506 -42.306393 8.127899
22.136080 -42.324093 7.805274
22.098593 -42.434402 7.881530
22.052523 -42.531307 8.136497
21.964548 -42.524113 8.282007
21.787767 -42.617825 8.188036
21.903944 -42.575771 8.387420
21.891710 -42.522011 8.047064
22.067255 -42.161182 7.754684
22.077200 -42.222969 7.953660
21.856779 -42.380684 7.669802
22.094088 -42.354473 7.663564
22.090536 -42.292156 7.547091
21.948595 -42.168659 8.022433
22.006857 -42.200840 8.177791
21.807093 -42.167152 8.407847
21.801805 -41.946095 8.384981
21.971174 -42.108601 8.377388
22.039469 -42.063076 8.168065
22.199411 -42.183586 8.325909
22.448496 -42.240822 8.163066
22.880526 -42.045982 8.342484
23.097349 -41.784798 8.764147
23.332411 -41.470535 9.080082
23.615660 -41.178165 9.475459
23.948656 -40.903313 9.691918
24.271055 -40.578117 9.850826
24.360975 -40.382320 9.956554
24.354509 -40.330997 10.140981
24.394136 -40.237286 9.985435
24.504240 -40.168163 10.135559
24.597921 -40.153820 9.920479
24.689669 -40.212563 9.748416
24.751223 -40.214062 10.097546
24.733908 -40.319260 10.007737
24.658457 -40.333210 9.575751
24.626097 -40.326817 9.397752
24.796206 -40.292450 9.447900
24.939245 -40.294441 9.448804
24.945925 -40.418671 9.385335
25.187445 -40.356918 9.219655
25.058599 -40.675056 8.841320
24.610209 -40.957199 8.464331
24.178698 -41.340893 7.884610
23.917486 -41.776562 7.381610
23.467718 -41.908615 6.230408
23.371103 -42.055214 6.332813
23.232214 -42.201748 6.211491
23.244303 -42.459400 5.946841
23.141973 -42.419777 5.988288
23.144110 -42.569462 6.135552
22.849016 -42.513680 6.249796
22.836943 -42.510010 6.512347
22.849684 -42.518776 6.647504
22.775877 -42.397072 6.894695
22.937277 -42.309582 7.262775
22.890753 -42.165352 7.515281
22.954332 -42.049969 7.674494
22.926794 -42.062981 7.552264
22.826365 -42.009029 7.358204
22.886023 -41.901508 7.491783
22.905748 -41.756981 7.602209
22.915930 -41.752529 7.754733
23.004511 -41.688774 7.996478
22.978140 -41.762321 8.130766
23.074644 -41.821163 8.288118
23.045446 -41.833126 8.431830
23.112040 -41.892487 8.176654
22.720144 -41.880089 8.487852
22.856165 -41.994972 8.475314
22.909861 -42.147705 8.560192
22.818419 -42.258186 8.332136
22.903570 -41.964348 8.217304
23.003393 -42.064556 8.099320
23.174341 -41.976147 7.359137
23.175604 -41.939564 7.528183
23.232615 -41.840084 7.770395
23.220625 -41.733112 7.529408
23.173429 -41.663219 7.635874
23.383230 -41.695980 7.797745
23.213915 -41.768089 8.000306
23.202024 -41.947598 7.889647
23.186548 -42.039593 7.670899
22.865141 -42.270187 7.503636
22.275366 -42.276348 7.429281
22.546022 -42.232384 7.537948
22.987326 -42.198383 7.661981
23.053991 -42.187565 7.973709
23.155451 -42.248589 7.955346
23.026762 -42.173592 7.823210
23.171915 -42.079006 7.480304
23.261969 -42.128880 7.275974
23.150503 -42.155365 7.315460
23.604094 -41.637032 7.924600
23.659407 -41.486893 8.215896
23.815657 -41.150295 8.520245
23.890257 -41.062397 8.720936
24.140337 -40.974525 8.956370
24.261999 -40.828163 9.069837
24.280928 -40.640869 8.746984
24.402472 -40.631451 8.813183
24.533308 -40.559559 9.001641
24.822775 -40.408428 9.056132
24.852751 -40.299225 9.028413
25.334951 -39.988682 9.698788
26.746492 -39.542164 10.230721
27.472525 -38.494545 10.627745
28.154150 -37.498470 10.838389
28.682650 -36.736717 11.131706
29.906248 -35.331593 11.551781
31.137129 -33.680908 12.112477
32.620232 -31.769417 12.215159
34.439522 -28.607821 12.454199
36.023750 -25.598768 12.627603
37.375130 -21.799006 13.058715
38.613037 -18.238468 13.546231
39.200157 -13.552849 14.314212
39.182655 -8.242160 14.828758
38.580658 -2.712256 15.796652
37.483055 2.729725 16.663675
35.966576 7.949246 17.367987
34.674988 12.048800 17.706799
33.843323 14.989091 18.409298
33.284386 16.896654 19.267256
32.792435 18.223774 20.328024
32.074081 19.180151 21.322834
31.297792 19.986210 22.311234
30.671164 20.584253 23.358685
30.175463 20.787691 24.114632
30.014101 21.032356 24.872717
30.125811 21.233936 25.254545
30.791979 21.284035 25.110725
31.560114 21.271456 24.767460
32.141022 21.407665 24.385874
32.650543 21.557589 24.184013
32.940567 21.736036 23.958344
33.032585 21.902199 23.688665
33.055801 21.970770 23.529970
33.191971 21.785738 23.321007
33.390511 21.555799 23.439093
33.645226 21.409336 23.672167
33.764313 21.207870 23.752113
33.842781 20.964785 24.126291
34.051155 20.553835 24.450592
34.161858 20.505915 24.481823
34.340019 20.514389 25.059500
34.213745 20.410002 25.311260
34.179924 20.232874 25.794363
34.074104 20.099514 26.082827
34.135414 19.925976 26.343866
34.290863 19.658424 26.271008
34.303223 19.590658 26.401701
34.178711 19.665165 26.702372
34.082291 19.476398 26.928528
34.097160 19.515247 27.041824
34.069855 19.563879 27.317877
34.219948 19.529154 27.404882
34.011292 19.656918 27.198265
33.989960 19.729876 27.054363
34.236099 19.823345 26.789484
34.085808 19.868866 26.759434
33.969070 19.960163 26.753239
33.855385 19.954918 26.776791
33.753235 20.015081 26.692225
33.783516 19.998852 26.474812
33.684540 20.044378 26.332975
33.577362 20.104202 26.390657
33.480423 20.163763 26.251387
33.464470 20.269922 26.307558
33.586105 20.261234 26.206301
33.593811 20.207476 26.007626
33.605576 20.041601 26.012711
33.665390 19.768478 25.827795
33.578842 19.649445 25.715519
33.448006 19.443054 25.839643
33.360138 19.254534 25.799875
33.065842 19.320204 25.793026
32.841599 19.290827 25.552210
32.813408 19.296577 25.712559
32.649300 19.313892 25.514093
32.497169 19.274076 25.243483
32.274666 19.166161 25.105440
32.124664 19.056425 25.055622
31.937460 19.003740 25.122740
31.737299 18.990849 25.023108
31.689169 18.980536 24.790079
31.549864 18.943029 24.421799
31.617620 19.088552 24.309027
31.548628 19.058699 24.418495
31.471033 18.730566 24.695053
31.420156 18.526571 24.880640
31.569857 18.369225 24.929268
31.796621 18.410620 24.669106
31.949427 18.492949 24.667334
31.987673 18.383284 24.480497
31.844667 18.541290 24.684034
31.993464 18.562380 24.846867
31.978102 18.479786 24.966436
31.781260 18.586693 24.869759
31.778479 18.714796 24.813585
31.694113 18.900112 24.643854
31.632219 19.147835 24.682791
31.526705 19.346012 24.439375
31.459093 19.416788 23.898766
31.589804 19.736702 23.287992
31.739172 19.910721 22.460629
31.830667 20.026531 21.509914
32.144661 20.400023 20.506874
32.535858 20.850941 19.433447
32.815216 21.205824 18.143250
33.083504 21.606749 16.890015
33.314934 22.120569 15.577209
33.623276 22.625240 14.191787
33.892349 22.847599 12.776794
33.995613 23.072292 11.730377
34.111824 23.328108 10.950296
34.266388 23.363087 10.311970
34.222038 23.309155 10.068738
34.276161 23.400581 9.560370
34.330658 23.508829 9.235686
34.407860 23.566170 9.025858
34.441620 23.442368 9.022020
34.435028 23.518852 8.894150
34.390556 23.480574 8.777589
34.391472 23.382160 9.341429
34.338295 23.186941 9.404907
34.464363 23.133137 9.097051
34.565224 23.142748 8.904254
34.645912 23.162140 8.732186
34.533615 23.168999 8.368881
34.710388 23.204985 8.540007
34.661125 22.955362 9.148729
34.465027 22.889360 9.516115
34.336151 23.053045 9.795762
34.188248 23.061119 9.965988
34.030731 23.161200 9.852571
34.139915 23.165197 9.729742
34.092865 23.133291 9.520944
34.077621 23.101917 9.364601
34.323029 22.948095 8.815208
34.564156 22.825037 8.650252
34.701057 22.837759 8.446973
34.669716 22.747252 8.669141
34.670929 23.183147 8.854120
34.582115 23.265526 9.041680
34.676224 23.260361 9.255754
34.589111 23.145063 9.316474
34.518547 23.071476 9.212786
34.374550 22.909800 9.328487
34.571770 22.917271 9.314045
34.757210 22.922182 9.586346
34.845650 22.944044 9.290659
34.887047 22.950520 9.084100
34.725494 22.767967 9.055156
34.751724 22.815506 9.223745
34.698776 23.151936 9.067150
34.463486 23.206411 9.294107
34.347427 23.316690 9.203464
34.397690 23.057489 9.397965
34.248680 22.947657 9.494430
34.533730 22.809801 9.713813
34.475113 22.913334 9.928956
34.456223 23.066374 9.929918
34.329109 23.030827 10.009131
34.591820 22.937515 9.917103
34.271637 23.115345 10.167708
34.167137 23.074224 10.317406
34.086639 23.019558 10.632909
34.106239 23.204008 10.564392
33.897919 23.351570 10.769878
33.748062 23.329197 10.574128
33.756271 23.440912 10.638126
33.909149 23.371416 10.219125
33.856010 23.352081 9.955223
33.876938 23.393967 10.097123
33.809677 23.562044 10.142895
33.755875 23.398111 10.179514
33.735512 23.495548 9.905623
33.858940 23.549698 9.893420
33.938118 23.417036 9.602003
34.032227 23.457632 9.433016
34.068314 23.490108 9.076750
33.954514 23.459642 8.977356
33.843742 23.421503 9.033140
33.839127 23.390995 9.149079
33.850395 23.434828 9.316746
33.988647 23.513197 9.218664
33.983047 23.698385 9.308196
34.007462 23.805912 9.124765
34.003700 23.751179 8.987043
33.735077 23.853743 9.088958
33.645790 23.918163 8.780110
33.606819 23.971144 8.561436
33.560600 24.065903 8.358728
33.786377 23.940487 8.784540
33.661316 23.926626 9.367181
33.513985 23.800943 9.783583
33.424118 23.659439 10.412660
33.285027 23.733467 11.126304
32.972153 23.470890 12.182155
32.755447 23.278379 12.795065
32.615692 22.890335 13.727544
32.291084 22.737875 14.644682
32.076195 22.621756 15.374828
31.657888 22.347483 16.401094
31.513639 22.145617 17.008165
31.129442 21.872959 17.971628
30.939684 21.561216 18.988436
30.765478 21.276716 19.937378
30.721312 20.721466 20.728622
30.501181 19.996422 21.725325
30.319475 19.486597 22.454935
29.972509 19.148947 23.259701
29.650137 18.989996 23.953432
29.403440 18.874537 24.586866
29.245283 18.706106 25.197018
29.023558 18.735188 25.538942
28.941378 18.694094 26.047825
28.640432 18.731430 26.394312
